3,2
3,1
3,3
10,218
10,266
10,300
10,144
10,4
10,250
10,84
10,236
11,10
9,4
9,6
53,4
53,3
53,2
8,13
53,1
53,0
52,3
8,16
8,6
8,8
52,2
52,1
52,0
51,3
8,11
8,2
8,3
51,2
51,1
51,0
50,5
50,4
50,3
50,2
50,1
50,0
49,4
49,3
49,2
49,1
49,0
47,5
47,4
47,3
47,2
47,1
47,0
44,5
44,4
44,3
44,2
44,1
44,0
42,5
42,4
42,3
42,2
42,1
42,0
40,3
40,1
38,3
38,1
33,3
33,1
30,3
30,1
20,3
20,2
20,1
19,2
19,1
12,3
19,3
12,2
12,1
11,29
11,28
11,27
11,26
11,25
11,24
11,23
11,22
11,21
11,19
11,18
11,17
11,16
11,15
11,14
11,12
11,11
11,9
11,8
11,7
11,6
11,5
11,4
11,3
11,2
11,1
10,313
10,311
